1 1 2 3 5
8 13 21 34 55
89 144 233 377 610
987 1597 2584 4181 6765
10946 17711 28657 46368 75025
121393 196418 317811 514229 832040
1346269 2178309 3524578 5702887 9227465
14930352 24157817 39088169 63245986 102334155
165580141 267914296 433494437 701408733 1134903170
1836311903 2971215073 4807526976 7778742049 12586269025
20365011074 32951280099 53316291173 86267571272 139583862445
225851433717 365435296162 591286729879 9.56722e+11 1.548009e+12
2.504731e+12 4.05274e+12 6.55747e+12 1.061021e+13 1.716768e+13
2.777789e+13 4.494557e+13 7.272346e+13 1.17669e+14 1.903925e+14
3.080615e+14 4.98454e+14 8.065155e+14 1.30497e+15 2.111485e+15
3.416455e+15 5.52794e+15 8.944394e+15 1.447233e+16 2.341673e+16
3.788906e+16 6.130579e+16 9.919485e+16 1.605006e+17 2.596955e+17
4.201961e+17 6.798916e+17 1.100088e+18 1.779979e+18 2.880067e+18
4.660047e+18 7.540114e+18 1.220016e+19 1.974027e+19 3.194043e+19
5.168071e+19 8.362114e+19 1.353019e+20 2.18923e+20 3.542248e+20
